procs -----------memory---------- ---swap-- -----io---- -system-- ------cpu-----
 r  b   swpd   free   buff  cache   si   so    bi    bo   in   cs us sy id wa st
 1  1 1317632 14367316  11848 467656   36  104   111   127  594  936  5  2 93  0  0
 0  0 1317168 13319752  11848 467672  220    0   220     0 2066 3175  3  5 92  0  0
 0  0 1316924 12269668  12220 469676  296    0  1475     0 2245 3155  3  6 91  0  0
 3  0 1316924 11618752  12220 469676    0    0     0     0 1510 2236  2  3 96  0  0
 1  0 1316924 11218828  12220 469676    0    0     0     0 1546 2393  2  2 97  0  0
 1  0 1316892 10167736  12228 469676   32    0    32    44 1799 2677  2  5 93  0  0
 1  0 1316876 9117148  12240 469672    8    0    12    92 1593 2338  2  4 94  0  0
 1  0 1316876 8760316  12240 469680    0    0     0     0 1500 2334  1  2 97  0  0
 1  0 1316860 8066056  12240 469668   28    0    28     0 1590 2458  2  4 95  0  0
 0  0 1316856 7015216  12240 469684    0    0     0     0 1508 2237  2  5 94  0  0
 1  0 1316844 5964124  12240 469668   24    0    24     0 1770 2707  2  5 93  0  0
 2  0 1316584 5897092  12240 478264  312    0   312     0 1760 2760  1  1 97  0  0
 1  0 1316580 4904968  12248 478264    4    0     4    44 1403 2000  2  4 94  0  0
 1  0 1316580 3854380  12248 478264    0    0     0     0 1500 2173  1  4 94  0  0
 2  0 1316564 3032356  12248 469680   12    0    12     0 1608 2288  1  4 95  0  0
 1  0 1316564 2811856  12248 469680    0    0     0     0 1447 2125  1  2 97  0  0
 1  0 1316560 1761520  12248 469680   12    0    12     0 1484 2163  2  4 94  0  0
